200438
31046
135125
164028
108
158
111603
161062
32177
46926
58661
108583
117702
133419
145843
146052
166909
218125
267920
12865
13889
17437
18128
42446
49282
63585
77326
93883
103147
130606
133561
142448
145025
151430
155788
157677
159190
159363
164554
198374
208194
214983
222477
257589
272840
316971
749
1330
1481
1936
2351
3112
8963
9780
11553
12105
17645
21576
22914
23696
24366
25907
26317
27378
27421
27508
27915
34952
37636
37945
38441
41847
42157
45478
48027
56634
66246
75582
78835
81653
82893
83815
89879
90973
91526
94557
101584
101595
110871
113025
115688
127824
128952
138221
142286
145566
147804
153777
157277
161069
1
59642
51682
8390
63585
174259
189987
222481
241091
270767
314145
2526
16928
32043
82893
91526
139427
155778
155851
12865
17645
19776
20817
24116
27316
28501
28864
31384
51111
58660
77440
77602
78835
99808
102330
130606
131825
179272
208683
216822
219130
246877
253929
158
4733
5927
8095
8571
9468
10443
10682
13889
15001
17437
18271
25188
25681
26462
27377
29126
33480
35611
36963
37490
46293
52702
55116
55679
64061
77326
81338
90712
100633
103428
110870
112208
118954
121070
122283
123213
125954
136960
138584
142632
147095
147824
149204
153745
166414
173552
174892
175119
182063
182613
192697
193559
198687
199803
202582
207697
1
135125
80952
285937
12865
133419
433
8963
54490
56399
77444
96965
188227
196161
262121
275655
104
8387
24116
58661
77280
127979
191205
194478
313671
1653
7527
7787
8927
17855
21292
23723
41847
48027
56922
59642
60294
73103
81181
90923
103428
113094
132544
159190
161963
170788
174259
186070
189340
203048
208194
236891
264489
300130
80
2199
2325
2990
3943
6217
8827
9013
12140
16806
19084
19871
24030
30232
41340
45358
45503
47552
49472
52078
70214
72854
75582
79076
79988
80050
80186
83816
87174
87618
87656
94921
96729
99401
100991
108328
108583
110131
117399
121811
125955
128718
132244
133560
134457
140051
1
64061
80937
2526
61561
80187
90922
91526
139427
161062
261748
266659
4940
39350
42446
61517
77440
81697
84889
99651
122099
125874
134351
152334
152809
169512
189340
194693
216822
284764
307555
311408
231
1002
2511
7718
8102
12865
13397
15314
15714
24434
35774
37490
41325
42282
46293
57883
62961
66333
70646
71986
76129
93998
94304
97495
103428
113915
125142
145666
187906
187973
195534
229368
261876
285132
311441
45
54
1320
1776
4323
4525
7787
8095
11754
14970
24116
33479
35611
36889
40296
62534
64887
67387
71729
75992
81182
86250
92172
93010
94684
95306
95505
100450
100451
103147
110295
115835
117560
1
963692
979392
1014207
1034427
1052213
860969
956397
966342
982718
1016685
578144
583266
628217
943283
952577
962587
982987
1064468
293590
385965
493074
514258
530977
552230
569606
575484
593440
603580
605652
639658
700465
738574
792708
803132
853541
864667
866944
898787
906354
940624
943737
947185
966419
975223
982061
983512
983549
989106
1013556
1033095
1060684
1081368
1115598
80482
85595
115358
168409
272470
282442
324937
329849
333348
357188
381197
405617
425804
477590
525509
543256
561442
579550
589695
593441
596186
607542
628284
652471
697951
729711
736997
740329
781685
785468
790028
794216
809441
812653
820651
837754
862680
862817
864121
880770
912797
913710
920188
927714
931503
936809
1
950594
966500
1079886
983468
989506
635366
939680
952583
963671
1034436
1052335
274244
569811
628300
639208
740992
742027
982694
1098991
1111294
64973
450706
553200
604123
623117
630297
632124
632531
635034
638085
740888
806196
839363
847526
852050
856043
861963
943335
952044
952363
958328
966316
976257
984356
987383
988214
989096
992920
996369
1012389
1059828
1123768
155240
175932
272786
302208
319868
424892
426658
443458
444635
459418
485754
486960
501383
517673
526096
530587
548261
550740
589695
604783
606275
608416
625975
630874
634795
653168
683848
707837
714147
731318
743960
765070
771181
801450
802538
823332
834224
862680
867512
870156
876135
879305
897667
904050
911441
911723
918905
1
1052213
854216
1034427
541724
830147
960027
561328
604307
860820
865471
946542
958445
977493
977724
708330
807640
814941
987408
128402
141679
232699
442122
530983
548587
595836
598175
628393
741255
800106
803835
809789
860571
939680
944678
944681
945791
953427
965479
978516
981074
984721
997014
1004521
1008237
1008536
1012563
1016046
1103994
1117352
36076
43551
101089
200257
222678
234165
280019
307151
331744
336296
344631
383919
413696
441513
475973
480055
524948
535441
549166
557736
568547
581511
582792
606800
608760
614571
619722
620028
620743
623010
628215
628420
628828
629950
639823
642184
662680
670114
715785
722149
741101
744754
782534
813353
835141
856640
869229
877755
896204
897667
1
939680
1052213
930732
983552
985005
572584
583329
834214
855458
960027
987582
478012
551595
628353
806427
831510
926228
973624
984787
1079907
280039
298476
426786
429163
558761
580844
618364
629950
632616
633387
637861
642060
725876
809243
809891
816354
834162
950753
952441
952577
962591
976257
978251
984516
990474
1034465
1043430
1127157
106712
191105
207534
231031
262763
280619
292536
340408
383919
482902
499233
510604
518230
525328
531821
534077
538234
539030
551734
562429
594925
604349
619464
628217
628282
630441
631722
632537
634880
639398
642196
654959
795834
799421
838582
840552
864377
866298
899368
918810
928432
940308
942728
946535
950855
951107
953029
953399
957925
964769
971206
